Analysis of graph: graph.txt

0 4 0 0 0 0 0 8 0
4 0 8 0 0 0 0 11 0
0 8 0 7 0 4 0 0 2
0 0 7 0 9 14 0 0 0
0 0 0 9 0 10 0 0 0
0 0 4 14 10 0 2 0 0
0 0 0 0 0 2 0 1 6
8 11 0 0 0 0 1 0 7
0 0 2 0 0 0 6 7 0

Number of vertices = 9
Number of edges = 14
Symmetric = True

dfs traversal: [0, 1, 2, 3, 4, 5, 6, 7, 8]
Time in milliseconds: 0.0

bfs traversal: [0, 1, 7, 2, 6, 8, 3, 5, 4]
Time in milliseconds: 0.0


Prim's MST: 
Edge 	Weight
0 - 1 	 4
1 - 2 	 8
2 - 3 	 7
3 - 4 	 9
2 - 5 	 4
5 - 6 	 2
6 - 7 	 1
2 - 8 	 2
Total Weight of Prim's MST:37
Time in milliseconds: 0.0


Kruskal's MST: 
Edge 	Weight
6 - 7 	 1
2 - 8 	 2
5 - 6 	 2
0 - 1 	 4
2 - 5 	 4
2 - 3 	 7
0 - 7 	 8
3 - 4 	 9
Total Weight of Kruskal's MST:37
Time in milliseconds: 1.0118484497070312

Dijkstra's APSP:
Dist Array:
[0, 4, 12, 19, 21, 11, 9, 8, 14]
[5, 1, 9, 16, 23, 13, 13, 12, 11]
[14, 10, 2, 9, 16, 6, 8, 9, 4]
[22, 18, 10, 3, 12, 14, 16, 17, 12]
[25, 26, 18, 13, 4, 14, 16, 17, 20]
[16, 17, 9, 16, 15, 5, 7, 8, 11]
[15, 18, 12, 19, 18, 8, 6, 7, 12]
[15, 18, 14, 21, 20, 10, 8, 7, 14]
[22, 18, 10, 17, 24, 14, 14, 15, 8]

Pred Array:
[0, 0, 1, 2, 5, 6, 7, 0, 2]
[1, 0, 1, 2, 5, 2, 7, 1, 2]
[1, 2, 0, 2, 5, 2, 5, 6, 2]
[1, 2, 3, 0, 3, 2, 5, 6, 2]
[7, 2, 5, 4, 0, 4, 5, 6, 2]
[7, 2, 5, 2, 5, 0, 5, 6, 2]
[7, 7, 5, 2, 5, 6, 0, 6, 6]
[7, 7, 5, 2, 5, 6, 7, 0, 7]
[1, 2, 8, 2, 5, 2, 8, 8, 0]

Time in milliseconds: 0.0

Floyd's APSP:
Dist Array:
[[0, 4, 12, 19, 21, 11, 9, 8, 14], [4, 0, 8, 15, 22, 12, 12, 11, 10], [12, 8, 0, 7, 14, 4, 6, 7, 2], [19, 15, 7, 0, 9, 11, 13, 14, 9], [21, 22, 14, 9, 0, 10, 12, 13, 16], [11, 12, 4, 11, 10, 0, 2, 3, 6], [9, 12, 6, 13, 12, 2, 0, 1, 6], [8, 11, 7, 14, 13, 3, 1, 0, 7], [14, 10, 2, 9, 16, 6, 6, 7, 0]]
Pred Array:
[[-1, 0, 1, 2, 5, 6, 7, 0, 2], [1, -1, 1, 2, 5, 2, 7, 1, 2], [1, 2, -1, 2, 5, 2, 5, 6, 2], [1, 2, 3, -1, 3, 2, 5, 6, 2], [7, 2, 5, 4, -1, 4, 5, 6, 2], [7, 2, 5, 2, 5, -1, 5, 6, 2], [7, 7, 5, 2, 5, 6, -1, 6, 6], [7, 7, 5, 2, 5, 6, 7, -1, 7], [1, 2, 8, 2, 5, 2, 8, 8, -1]]

Time in milliseconds: 0.0