Analysis of graph: graph2.txt

0 0 0 0 0 0 0 8
0 0 8 0 0 0 0 11
0 8 0 7 0 4 0 0
0 0 7 0 9 14 0 0
0 0 0 9 0 10 0 0
0 0 4 14 10 0 2 0
0 0 0 0 0 2 0 1
8 11 0 0 0 0 1 0

Number of vertices = 8
Number of edges = 10
Symmetric = True

dfs traversal: [0, 7, 1, 2, 3, 4, 5, 6]
Time in milliseconds: 0.0

bfs traversal: [0, 7, 1, 6, 2, 5, 3, 4]
Time in milliseconds: 0.0


Prim's MST: 
Edge 	Weight
2 - 1 	 8
5 - 2 	 4
2 - 3 	 7
3 - 4 	 9
6 - 5 	 2
7 - 6 	 1
0 - 7 	 8
Total Weight of Prim's MST:39
Time in milliseconds: 0.0


Kruskal's MST: 
Edge 	Weight
6 - 7 	 1
5 - 6 	 2
2 - 5 	 4
2 - 3 	 7
0 - 7 	 8
1 - 2 	 8
3 - 4 	 9
Total Weight of Kruskal's MST:39
Time in milliseconds: 0.0

Dijkstra's APSP:
Dist Array:
[0, 19, 15, 22, 21, 11, 9, 8]
[20, 1, 9, 16, 23, 13, 13, 12]
[17, 10, 2, 9, 16, 6, 8, 9]
[25, 18, 10, 3, 12, 14, 16, 17]
[25, 26, 18, 13, 4, 14, 16, 17]
[16, 17, 9, 16, 15, 5, 7, 8]
[15, 18, 12, 19, 18, 8, 6, 7]
[15, 18, 14, 21, 20, 10, 8, 7]

Pred Array:
[0, 7, 5, 2, 5, 6, 7, 0]
[7, 0, 1, 2, 5, 2, 7, 1]
[7, 2, 0, 2, 5, 2, 5, 6]
[7, 2, 3, 0, 3, 2, 5, 6]
[7, 2, 5, 4, 0, 4, 5, 6]
[7, 2, 5, 2, 5, 0, 5, 6]
[7, 7, 5, 2, 5, 6, 0, 6]
[7, 7, 5, 2, 5, 6, 7, 0]

Time in milliseconds: 0.0

Floyd's APSP:
Dist Array:
[[0, 19, 15, 22, 21, 11, 9, 8], [19, 0, 8, 15, 22, 12, 12, 11], [15, 8, 0, 7, 14, 4, 6, 7], [22, 15, 7, 0, 9, 11, 13, 14], [21, 22, 14, 9, 0, 10, 12, 13], [11, 12, 4, 11, 10, 0, 2, 3], [9, 12, 6, 13, 12, 2, 0, 1], [8, 11, 7, 14, 13, 3, 1, 0]]
Pred Array:
[[-1, 7, 5, 2, 5, 6, 7, 0], [7, -1, 1, 2, 5, 2, 7, 1], [7, 2, -1, 2, 5, 2, 5, 6], [7, 2, 3, -1, 3, 2, 5, 6], [7, 2, 5, 4, -1, 4, 5, 6], [7, 2, 5, 2, 5, -1, 5, 6], [7, 7, 5, 2, 5, 6, -1, 6], [7, 7, 5, 2, 5, 6, 7, -1]]

Time in milliseconds: 0.0